J124126.1+615804    190.35880     61.96802  1.161  19.26   2.92    ALLS  1.16
J104726.5+582328    161.86070     58.39123  1.465  20.58   1.22     ALLS  1.46
J172451.3+592132    261.21410     59.35913  1.063  20.46   1.21     ALLS  1.06
J095949.3+020140    149.95570      2.02801  1.753  21.02   0.74     ALLS  0.74
J100012.8+023523    150.05350      2.58984  0.699  19.40  12.02      ALLS  0.70
J124039.3+084251    190.16400      8.71429  1.095  18.85   3.97    ALLS  1.09
J124025.1+085818    190.10460      8.97180  1.268  19.31   2.94    ALLS  1.26
J124521.8+302956    191.34090     30.49898  1.493  19.48   0.24     ALLS  1.27
J024645.6-300051     41.69007    -30.01441  1.000  17.85   3.30   ALLS  1.00
J100120.7+555352    150.33660     55.89787  1.415  17.64   2.19    ALLS  1.41
J110211.8+284041    165.54950     28.67831  1.741  19.80   0.57    ALLS  1.74
J104139.0+415403    160.41250     41.90102  0.884  18.66   2.11    ALLS  1.46
J155733.5+103840    239.38980     10.64444  1.872  19.65   2.53    ALLS  1.87
J115942.8-013149    179.92830     -1.53032  1.257  19.07   2.83     ALLS  1.25
J134816.7+462624    207.06980     46.44009  0.752  19.54   7.00    ALLS  0.75
J033754.9-354820     54.47881    -35.80581  1.511  20.68   0.62    ALLS  1.51
J105030.8+043055    162.62840      4.51538  1.215  20.93   2.81    ALLS  1.28 ABS 0.86
J105203.3+044148    163.01390      4.69670  1.303  20.33   1.59    ALLS  1.32
J122643.2-025352    186.68020     -2.89782  1.327  19.36   1.18    ALLS  1.32
J084549.7+175922    131.45710     17.98962  1.470  19.38   0.72   ALLS  1.47
J130751.1+490745    196.96330     49.12940  1.320  19.22   2.16    ALLS  1.32
