J033232.0-280309     53.13335    -28.05275  1.952  21.37   1.94    LLS2  0.84
J033301.6-275818     53.25687    -27.97186  1.842  21.64   1.96    LLS2  0.74
J033322.7-275523     53.34498    -27.92331  1.619  21.63   3.38    LLS2  0.38
J033230.0-274529     53.12499    -27.75828  1.218  21.41   2.28    LLS2  0.35
J141715.0+522312    214.31280     52.38693  1.263  21.91   1.37    LLS2  1.36
J142323.1+525732    215.84660     52.95891  1.959  20.48   3.00    LLS2  1.46
J123259.8+615900    188.24930     61.98349  1.482  20.35   1.73    LLS2  1.30
J123303.5+620916    188.26490     62.15446  1.838  20.04   2.37    LLS2  1.41
J105408.2+582830    163.53450     58.47527  1.553  20.59   1.79     LLS2  1.37
J172310.4+595105    260.79330     59.85157  0.990  18.97   5.47     LLS2  0.86
J100120.3+023341    150.33460      2.56159  1.834  21.31   1.53      LLS2  1.41
J094041.7+341535    145.17390     34.25995  1.716  20.47   1.11      LLS2  1.30
J133604.8-300831    204.02010    -30.14217  1.906  19.19   2.26    LLS2  1.41
J151641.4+563456    229.17280     56.58236  1.945  19.84   1.08    LLS2  1.47
J121840.5+085819    184.66880      8.97211  2.186  20.26   0.93    LLS2  1.58
J122031.7+094853    185.13240      9.81472  0.995  18.60   2.96    LLS2  0.80
J123116.4+120023    187.81850     12.00655  1.408  18.24   2.78    LLS2  1.15
J131255.1+421631    198.22970     42.27552  1.239  18.04   2.33    LLS2  1.19
J100110.2+552834    150.29280     55.47631  2.102  19.89   0.37    LLS2  1.68
J033846.8-354717     54.69535    -35.78824  2.007  19.90   0.89    LLS2  1.50
J083217.0+040404    128.07090      4.06792  1.115  19.71   1.60    LLS2  1.24
J142213.2+541346    215.55510     54.22946  1.655  19.89   0.89    LLS2  1.58 ABS 1.12
J155454.9+104103    238.72900     10.68431  1.411  19.84   2.39    LLS2  1.25 COMPLEX
J075830.7+290008    119.62820     29.00246  1.670  19.74   2.94    LLS2  1.24
J115219.4+434927    178.08110     43.82424  1.824  20.53   0.80    LLS2  1.40
J115110.1+435005    177.79210     43.83478  1.397  19.94   2.30    LLS2  1.52
J020329.8-091020     30.87421     -9.17233  1.580  19.70   3.93     LLS2  1.19 DLA  1.01
J231736.3-004835    349.40160     -0.80989  1.209  19.24   1.40     LLS2  0.82
J134917.4+460311    207.32270     46.05326  1.696  20.07   2.57    LLS2  1.47 ABS 1.10
J104721.6+051348    161.84010      5.23019  1.738  21.04   1.30    LLS2  1.39
J104840.3+055913    162.16830      5.98704  1.499  20.20   1.36    LLS2  1.41
J132114.7+284749    200.31130     28.79697  1.703  18.46   3.16     LLS2  1.17
J142817.3+502712    217.07240     50.45360  1.016  17.72   5.18    LLS2  1.19
J132145.0+360905    200.43780     36.15142  1.846  19.48   1.61    LLS2  1.68
J131218.2+493316    198.07610     49.55451  1.614  19.10   2.12    LLS2  1.25
J032605.6-064916     51.52341     -6.82120  1.873  20.11   0.92    LLS2  1.46
